0 0 0
0.25 0.0043633093 0.0043631016
0.5 0.0087265355 0.0087262032
0.75 0.013089596 0.013089305
1 0.017452406 0.017452406
1.25 0.021814885 0.021814179
1.5 0.026176948 0.026175952
1.75 0.030538513 0.030537724
2 0.034899497 0.034899497
2.25 0.039259816 0.039258612
2.5 0.043619387 0.043617726
2.75 0.047978128 0.047976841
3 0.052335956 0.052335956
3.25 0.056692787 0.056691086
3.5 0.061048539 0.061046215
3.75 0.065403129 0.065401344
4 0.069756474 0.069756474
4.25 0.07410849 0.074106291
4.5 0.078459096 0.078456108
4.75 0.082808207 0.082805925
5 0.087155743 0.087155743
5.25 0.091501619 0.091498923
5.5 0.095845752 0.095842103
5.75 0.10018806 0.10018528
6 0.10452846 0.10452846
6.25 0.10886687 0.10886368
6.5 0.11320321 0.1131989
6.75 0.1175374 0.11753412
7 0.12186934 0.12186934
7.25 0.12619897 0.12619528
7.5 0.13052619 0.13052122
7.75 0.13485093 0.13484716
8 0.1391731 0.1391731
8.25 0.14349262 0.14348844
8.5 0.14780941 0.14780378
8.75 0.15212339 0.15211912
9 0.15643446 0.15643446
9.25 0.16074257 0.16073789
9.5 0.16504761 0.16504132
9.75 0.1693495 0.16934475
10 0.17364818 0.17364818
10.25 0.17794355 0.17793838
10.5 0.18223553 0.18222859
10.75 0.18652404 0.18651879
11 0.190809 0.190809
11.25 0.19509032 0.19508467
11.5 0.19936793 0.19936034
11.75 0.20364175 0.20363602
12 0.20791169 0.20791169
12.25 0.21217767 0.21217153
12.5 0.21643961 0.21643137
12.75 0.22069743 0.22069121
13 0.22495105 0.22495105
13.25 0.22920039 0.22919376
13.5 0.23344536 0.23343647
13.75 0.23768589 0.23767919
14 0.2419219 0.2419219
14.25 0.24615329 0.24614618
14.5 0.25038 0.25037047
14.75 0.25460195 0.25459476
15 0.25881904 0.25881904
15.25 0.26303121 0.26302362
15.5 0.26723838 0.2672282
15.75 0.27144045 0.27143278
16 0.27563736 0.27563736
16.25 0.27982901 0.27982094
16.5 0.28401534 0.28400453
16.75 0.28819627 0.28818812
17 0.2923717 0.2923717
17.25 0.29654157 0.29653303
17.5 0.3007058 0.30069435
17.75 0.3048643 0.30485567
18 0.30901699 0.30901699
18.25 0.31316381 0.31315478
18.5 0.31730466 0.31729257
18.75 0.32143946 0.32143036
19 0.32556815 0.32556815
19.25 0.32969064 0.32968115
19.5 0.33380686 0.33379415
19.75 0.33791672 0.33790715
20 0.34202014 0.34202014
20.25 0.34611706 0.34610709
20.5 0.35020738 0.35019405
20.75 0.35429104 0.354281
21 0.35836795 0.35836795
21.25 0.36243804 0.36242761
21.5 0.36650123 0.36648727
21.75 0.37055744 0.37054693
22 0.37460659 0.37460659
22.25 0.37864862 0.37863773
22.5 0.38268343 0.38266886
22.75 0.38671096 0.38669999
23 0.39073113 0.39073113
23.25 0.39474386 0.39473251
23.5 0.39874907 0.39873389
23.75 0.40274669 0.40273526
24 0.40673664 0.40673664
24.25 0.41071885 0.41070705
24.5 0.41469324 0.41467745
24.75 0.41865974 0.41864786
25 0.42261826 0.42261826
25.25 0.42656874 0.42655648
25.5 0.4305111 0.4304947
25.75 0.43444526 0.43443293
26 0.43837115 0.43837115
26.25 0.44228869 0.44227598
26.5 0.44619781 0.44618082
26.75 0.45009844 0.45008566
27 0.4539905 0.4539905
27.25 0.45787391 0.45786077
27.5 0.46174861 0.46173103
27.75 0.46561452 0.4656013
28 0.46947156 0.46947156
28.25 0.47331967 0.47330608
28.5 0.47715876 0.47714059
28.75 0.48098877 0.48097511
29 0.48480962 0.48480962
29.25 0.48862124 0.48860721
29.5 0.49242356 0.49240481
29.75 0.4962165 0.4962024
30 0.5 0.5
30.25 0.50377398 0.50375952
30.5 0.50753836 0.50751904
30.75 0.51129309 0.51127856
31 0.51503807 0.51503807
31.25 0.51877326 0.51875837
31.5 0.52249856 0.52247867
31.75 0.52621392 0.52619897
32 0.52991926 0.52991926
32.25 0.53361452 0.53359921
32.5 0.53729961 0.53727915
32.75 0.54097447 0.54095909
33 0.54463903 0.54463903
33.25 0.54829323 0.5482775
33.5 0.55193698 0.55191597
33.75 0.55557023 0.55555444
34 0.5591929 0.5591929
34.25 0.56280493 0.56278879
34.5 0.56640624 0.56638467
34.75 0.56999676 0.56998055
35 0.57357644 0.57357644
35.25 0.57714519 0.57712864
35.5 0.58070296 0.58068084
35.75 0.58424967 0.58423305
36 0.58778525 0.58778525
36.25 0.59130965 0.59129269
36.5 0.59482279 0.59480014
36.75 0.5983246 0.59830758
37 0.60181502 0.60181502
37.25 0.60529399 0.60527664
37.5 0.60876143 0.60873825
37.75 0.61221728 0.61219986
38 0.61566147 0.61566147
38.25 0.61909395 0.6190762
38.5 0.62251464 0.62249093
38.75 0.62592347 0.62590566
39 0.62932039 0.62932039
39.25 0.63270533 0.6326872
39.5 0.63607822 0.636054
39.75 0.639439 0.6394208
40 0.64278761 0.64278761
40.25 0.64612398 0.64610546
40.5 0.64944805 0.64942332
40.75 0.65275975 0.65274117
41 0.65605903 0.65605903
41.25 0.65934581 0.65932692
41.5 0.66262005 0.66259482
41.75 0.66588167 0.66586271
42 0.66913061 0.66913061
42.25 0.67236681 0.67234754
42.5 0.67559021 0.67556448
42.75 0.67880074 0.67878142
43 0.68199836 0.68199836
43.25 0.68518299 0.68516336
43.5 0.68835458 0.68832836
43.75 0.69151306 0.69149337
44 0.69465837 0.69465837
44.25 0.69779046 0.69777047
44.5 0.70090926 0.70088258
44.75 0.70401472 0.70399468
45 0.70710678 0.70710678
45.25 0.71018537 0.71016504
45.5 0.71325045 0.71322329
45.75 0.71630194 0.71628154
46 0.7193398 0.7193398
46.25 0.72236396 0.72234328
46.5 0.72537437 0.72534675
46.75 0.72837097 0.72835023
47 0.7313537 0.7313537
47.25 0.73432251 0.73430148
47.5 0.73727734 0.73724926
47.75 0.74021813 0.74019704
48 0.74314482 0.74314482
48.25 0.74605737 0.74603601
48.5 0.74895572 0.7489272
48.75 0.75183981 0.75181839
49 0.75470958 0.75470958
49.25 0.75756498 0.7575433
49.5 0.76040596 0.76037701
49.75 0.76323247 0.76321073
50 0.76604444 0.76604444
50.25 0.76884183 0.76881982
50.5 0.77162458 0.7715952
50.75 0.77439264 0.77437058
51 0.77714596 0.77714596
51.25 0.77988448 0.77986216
51.5 0.78260816 0.78257836
51.75 0.78531693 0.78529455
52 0.78801075 0.78801075
52.25 0.79068957 0.79066694
52.5 0.79335334 0.79332313
52.75 0.796002 0.79597932
53 0.79863551 0.79863551
53.25 0.80125381 0.80123088
53.5 0.80385686 0.80382625
53.75 0.8064446 0.80642162
54 0.80901699 0.80901699
54.25 0.81157398 0.81155076
54.5 0.81411552 0.81408452
54.75 0.81664155 0.81661828
55 0.81915204 0.81915204
55.25 0.82164694 0.82162343
55.5 0.82412619 0.82409481
55.75 0.82658975 0.82656619
56 0.82903757 0.82903757
56.25 0.83146961 0.83144582
56.5 0.83388582 0.83385407
56.75 0.83628616 0.83626232
57 0.83867057 0.83867057
57.25 0.84103901 0.84101495
57.5 0.84339145 0.84335933
57.75 0.84572782 0.84570371
58 0.8480481 0.8480481
58.25 0.85035222 0.8503279
58.5 0.85264016 0.8526077
58.75 0.85491187 0.8548875
59 0.8571673 0.8571673
59.25 0.85940641 0.85938183
59.5 0.86162916 0.86159635
59.75 0.8638355 0.86381088
60 0.8660254 0.8660254
60.25 0.86819881 0.86817398
60.5 0.8703557 0.87032255
60.75 0.87249601 0.87247113
61 0.87461971 0.87461971
61.25 0.87672676 0.87670168
61.5 0.87881711 0.87878365
61.75 0.88089074 0.88086562
62 0.88294759 0.88294759
62.25 0.88498764 0.88496233
62.5 0.88701083 0.88697706
62.75 0.88901714 0.88899179
63 0.89100652 0.89100652
63.25 0.89297894 0.8929534
63.5 0.89493436 0.89490028
63.75 0.89687274 0.89684717
64 0.89879405 0.89879405
64.25 0.90069824 0.90067248
64.5 0.90258528 0.90255092
64.75 0.90445514 0.90442935
65 0.90630779 0.90630779
65.25 0.90814317 0.9081172
65.5 0.90996127 0.90992662
65.75 0.91176204 0.91173604
66 0.91354546 0.91354546
66.25 0.91531148 0.91528531
66.5 0.91706007 0.91702516
66.75 0.91879121 0.918765
67 0.92050485 0.92050485
67.25 0.92220097 0.9221746
67.5 0.92387953 0.92384435
67.75 0.9255405 0.9255141
68 0.92718385 0.92718385
68.25 0.92880955 0.928783
68.5 0.93041757 0.93038214
68.75 0.93200787 0.93198128
69 0.93358043 0.93358043
69.25 0.93513521 0.93510847
69.5 0.93667219 0.93663652
69.75 0.93819134 0.93816457
70 0.93969262 0.93969262
70.25 0.94117601 0.94114911
70.5 0.94264149 0.9426056
70.75 0.94408902 0.94406209
71 0.94551858 0.94551858
71.25 0.94693013 0.94690306
71.5 0.94832365 0.94828755
71.75 0.94969913 0.94967203
72 0.95105652 0.95105652
72.25 0.9523958 0.95236858
72.5 0.95371695 0.95368064
72.75 0.95501994 0.9549927
73 0.95630476 0.95630476
73.25 0.95757136 0.95754399
73.5 0.95881973 0.95878323
73.75 0.96004985 0.96002246
74 0.9612617 0.9612617
74.25 0.96245524 0.96242773
74.5 0.96363045 0.96359376
74.75 0.96478732 0.96475979
75 0.96592583 0.96592583
75.25 0.96704594 0.9670183
75.5 0.96814764 0.96811078
75.75 0.96923091 0.96920325
76 0.97029573 0.97029573
76.25 0.97134207 0.97131431
76.5 0.97236992 0.9723329
76.75 0.97337926 0.97335148
77 0.97437006 0.97437006
77.25 0.97534232 0.97531445
77.5 0.97629601 0.97625883
77.75 0.97723111 0.97720322
78 0.9781476 0.9781476
78.25 0.97904547 0.9790175
78.5 0.9799247 0.97988739
78.75 0.98078528 0.98075729
79 0.98162718 0.98162718
79.25 0.9824504 0.98242233
79.5 0.98325491 0.98321747
79.75 0.9840407 0.98401261
80 0.98480775 0.98480775
80.25 0.98555606 0.9855279
80.5 0.9862856 0.98624805
80.75 0.98699637 0.98696819
81 0.98768834 0.98768834
81.25 0.98836151 0.98833327
81.5 0.98901586 0.9889782
81.75 0.98965139 0.98962314
82 0.99026807 0.99026807
82.25 0.9908659 0.99083759
82.5 0.99144486 0.99140711
82.75 0.99200495 0.99197663
83 0.99254615 0.99254615
83.25 0.99306846 0.99304009
83.5 0.99357186 0.99353402
83.75 0.99405634 0.99402796
84 0.9945219 0.9945219
84.25 0.99496852 0.9949401
84.5 0.9953962 0.9953583
84.75 0.99580493 0.9957765
85 0.9961947 0.9961947
85.25 0.9965655 0.99653704
85.5 0.99691733 0.99687937
85.75 0.99725018 0.99722171
86 0.99756405 0.99756405
86.25 0.99785892 0.99783042
86.5 0.9981348 0.99809679
86.75 0.99839167 0.99836316
87 0.99862953 0.99862953
87.25 0.99884839 0.99881986
87.5 0.99904822 0.99901018
87.75 0.99922904 0.9992005
88 0.99939083 0.99939083
88.25 0.99953359 0.99950504
88.5 0.99965732 0.99961926
88.75 0.99976203 0.99973348
89 0.9998477 0.9998477
89.25 0.99991433 0.99988577
89.5 0.99996192 0.99992385
89.75 0.99999048 0.99996192
90 1 1
90.25 0.99999048 0.99996192
90.5 0.99996192 0.99992385
90.75 0.99991433 0.99988577
91 0.9998477 0.9998477
91.25 0.99976203 0.99973348
91.5 0.99965733 0.99961926
91.75 0.99953359 0.99950504
92 0.99939083 0.99939083
92.25 0.99922904 0.9992005
92.5 0.99904822 0.99901018
92.75 0.99884839 0.99881986
93 0.99862953 0.99862953
93.25 0.99839167 0.99836316
93.5 0.9981348 0.99809679
93.75 0.99785892 0.99783042
94 0.99756405 0.99756405
94.25 0.99725019 0.99722171
94.5 0.99691733 0.99687937
94.75 0.9965655 0.99653704
95 0.9961947 0.9961947
95.25 0.99580493 0.9957765
95.5 0.9953962 0.9953583
95.75 0.99496852 0.9949401
96 0.9945219 0.9945219
96.25 0.99405634 0.99402796
96.5 0.99357186 0.99353402
96.75 0.99306846 0.99304009
97 0.99254615 0.99254615
97.25 0.99200495 0.99197663
97.5 0.99144486 0.99140711
97.75 0.9908659 0.99083759
98 0.99026807 0.99026807
98.25 0.98965139 0.98962314
98.5 0.98901586 0.9889782
98.75 0.98836151 0.98833327
99 0.98768834 0.98768834
99.25 0.98699637 0.98696819
99.5 0.9862856 0.98624805
99.75 0.98555606 0.9855279
100 0.98480775 0.98480775
100.25 0.9840407 0.98401261
100.5 0.98325491 0.98321747
100.75 0.9824504 0.98242233
101 0.98162718 0.98162718
101.25 0.98078528 0.98075729
101.5 0.97992471 0.97988739
101.75 0.97904547 0.9790175
102 0.9781476 0.9781476
102.25 0.97723111 0.97720322
102.5 0.97629601 0.97625883
102.75 0.97534232 0.97531445
103 0.97437007 0.97437007
103.25 0.97337926 0.97335148
103.5 0.97236992 0.9723329
103.75 0.97134207 0.97131431
104 0.97029573 0.97029573
104.25 0.96923091 0.96920325
104.5 0.96814764 0.96811078
104.75 0.96704594 0.9670183
105 0.96592583 0.96592583
105.25 0.96478732 0.96475979
105.5 0.96363045 0.96359376
105.75 0.96245524 0.96242773
106 0.9612617 0.9612617
106.25 0.96004985 0.96002246
106.5 0.95881974 0.95878323
106.75 0.95757136 0.95754399
107 0.95630476 0.95630476
107.25 0.95501995 0.9549927
107.5 0.95371695 0.95368064
107.75 0.9523958 0.95236858
108 0.95105652 0.95105652
108.25 0.94969913 0.94967203
108.5 0.94832366 0.94828755
108.75 0.94693013 0.94690306
109 0.94551858 0.94551858
109.25 0.94408902 0.94406209
109.5 0.94264149 0.9426056
109.75 0.94117602 0.94114911
110 0.93969262 0.93969262
110.25 0.93819134 0.93816457
110.5 0.93667219 0.93663652
110.75 0.93513521 0.93510848
111 0.93358043 0.93358043
111.25 0.93200787 0.93198128
111.5 0.93041757 0.93038214
111.75 0.92880955 0.928783
112 0.92718386 0.92718386
112.25 0.9255405 0.92551411
112.5 0.92387953 0.92384435
112.75 0.92220097 0.9221746
113 0.92050485 0.92050485
113.25 0.91879121 0.91876501
113.5 0.91706008 0.91702516
113.75 0.91531148 0.91528531
114 0.91354546 0.91354546
114.25 0.91176204 0.91173604
114.5 0.90996127 0.90992662
114.75 0.90814317 0.90811721
115 0.90630779 0.90630779
115.25 0.90445515 0.90442935
115.5 0.90258529 0.90255092
115.75 0.90069824 0.90067248
116 0.89879405 0.89879405
116.25 0.89687274 0.89684717
116.5 0.89493436 0.89490029
116.75 0.89297894 0.89295341
117 0.89100653 0.89100653
117.25 0.88901714 0.88899179
117.5 0.88701083 0.88697706
117.75 0.88498764 0.88496233
118 0.88294759 0.88294759
118.25 0.88089074 0.88086562
118.5 0.87881711 0.87878365
118.75 0.87672676 0.87670168
119 0.87461971 0.87461971
119.25 0.87249601 0.87247113
119.5 0.8703557 0.87032256
119.75 0.86819882 0.86817398
120 0.8660254 0.8660254
120.25 0.86383551 0.86381088
120.5 0.86162916 0.86159635
120.75 0.85940641 0.85938183
121 0.8571673 0.8571673
121.25 0.85491187 0.8548875
121.5 0.85264017 0.8526077
121.75 0.85035223 0.8503279
122 0.8480481 0.8480481
122.25 0.84572782 0.84570372
122.5 0.84339145 0.84335933
122.75 0.84103901 0.84101495
123 0.83867057 0.83867057
123.25 0.83628616 0.83626232
123.5 0.83388582 0.83385407
123.75 0.83146961 0.83144582
124 0.82903757 0.82903757
124.25 0.82658975 0.82656619
124.5 0.82412619 0.82409481
124.75 0.82164694 0.82162343
125 0.81915205 0.81915205
125.25 0.81664156 0.81661828
125.5 0.81411552 0.81408452
125.75 0.81157398 0.81155076
126 0.809017 0.809017
126.25 0.80644461 0.80642162
126.5 0.80385686 0.80382625
126.75 0.80125381 0.80123088
127 0.79863551 0.79863551
127.25 0.796002 0.79597932
127.5 0.79335334 0.79332313
127.75 0.79068958 0.79066694
128 0.78801076 0.78801076
128.25 0.78531693 0.78529456
128.5 0.78260816 0.78257836
128.75 0.77988448 0.77986216
129 0.77714596 0.77714596
129.25 0.77439265 0.77437058
129.5 0.77162459 0.7715952
129.75 0.76884183 0.76881982
130 0.76604444 0.76604444
130.25 0.76323247 0.76321073
130.5 0.76040597 0.76037701
130.75 0.75756499 0.7575433
131 0.75470958 0.75470958
131.25 0.75183981 0.75181839
131.5 0.74895572 0.7489272
131.75 0.74605738 0.74603602
132 0.74314483 0.74314483
132.25 0.74021813 0.74019705
132.5 0.73727734 0.73724927
132.75 0.73432251 0.73430148
133 0.7313537 0.7313537
133.25 0.72837097 0.72835023
133.5 0.72537437 0.72534675
133.75 0.72236396 0.72234328
134 0.7193398 0.7193398
134.25 0.71630195 0.71628155
134.5 0.71325045 0.71322329
134.75 0.71018538 0.71016504
135 0.70710678 0.70710678
135.25 0.70401473 0.70399468
135.5 0.70090927 0.70088258
135.75 0.69779046 0.69777048
136 0.69465837 0.69465837
136.25 0.69151306 0.69149337
136.5 0.68835458 0.68832837
136.75 0.68518299 0.68516336
137 0.68199836 0.68199836
137.25 0.67880075 0.67878142
137.5 0.67559021 0.67556449
137.75 0.67236681 0.67234755
138 0.66913061 0.66913061
138.25 0.66588167 0.66586271
138.5 0.66262005 0.66259482
138.75 0.65934582 0.65932693
139 0.65605903 0.65605903
139.25 0.65275975 0.65274118
139.5 0.64944805 0.64942332
139.75 0.64612398 0.64610547
140 0.64278761 0.64278761
140.25 0.639439 0.63942081
140.5 0.63607822 0.636054
140.75 0.63270533 0.6326872
141 0.62932039 0.62932039
141.25 0.62592347 0.62590566
141.5 0.62251464 0.62249094
141.75 0.61909395 0.61907621
142 0.61566148 0.61566148
142.25 0.61221728 0.61219986
142.5 0.60876143 0.60873825
142.75 0.60529399 0.60527664
143 0.60181503 0.60181503
143.25 0.5983246 0.59830758
143.5 0.59482279 0.59480014
143.75 0.59130965 0.5912927
144 0.58778525 0.58778525
144.25 0.58424967 0.58423305
144.5 0.58070296 0.58068085
144.75 0.57714519 0.57712864
145 0.57357644 0.57357644
145.25 0.56999676 0.56998056
145.5 0.56640624 0.56638467
145.75 0.56280493 0.56278879
146 0.55919291 0.55919291
146.25 0.55557024 0.55555444
146.5 0.55193699 0.55191597
146.75 0.54829323 0.5482775
147 0.54463904 0.54463904
147.25 0.54097447 0.54095909
147.5 0.53729961 0.53727915
147.75 0.53361452 0.53359921
148 0.52991927 0.52991927
148.25 0.52621393 0.52619897
148.5 0.52249857 0.52247867
148.75 0.51877326 0.51875837
149 0.51503808 0.51503808
149.25 0.51129309 0.51127856
149.5 0.50753837 0.50751904
149.75 0.50377398 0.50375952
150 0.5 0.5
150.25 0.49621651 0.49620241
150.5 0.49242356 0.49240481
150.75 0.48862124 0.48860722
151 0.48480962 0.48480962
151.25 0.48098877 0.48097511
151.5 0.47715876 0.47714059
151.75 0.47331967 0.47330608
152 0.46947157 0.46947157
152.25 0.46561452 0.4656013
152.5 0.46174862 0.46173103
152.75 0.45787392 0.45786077
153 0.4539905 0.4539905
153.25 0.45009844 0.45008566
153.5 0.44619782 0.44618083
153.75 0.44228869 0.44227599
154 0.43837115 0.43837115
154.25 0.43444526 0.43443293
154.5 0.4305111 0.43049471
154.75 0.42656874 0.42655649
155 0.42261826 0.42261826
155.25 0.41865974 0.41864786
155.5 0.41469325 0.41467746
155.75 0.41071886 0.41070705
156 0.40673665 0.40673665
156.25 0.40274669 0.40273527
156.5 0.39874907 0.39873389
156.75 0.39474386 0.39473251
157 0.39073113 0.39073113
157.25 0.38671096 0.3867
157.5 0.38268344 0.38266886
157.75 0.37864862 0.37863773
158 0.3746066 0.3746066
158.25 0.37055744 0.37054694
158.5 0.36650123 0.36648727
158.75 0.36243804 0.36242761
159 0.35836795 0.35836795
159.25 0.35429104 0.354281
159.5 0.35020738 0.35019405
159.75 0.34611706 0.3461071
160 0.34202015 0.34202015
160.25 0.33791672 0.33790715
160.5 0.33380686 0.33379415
160.75 0.32969065 0.32968115
161 0.32556816 0.32556816
161.25 0.32143947 0.32143037
161.5 0.31730466 0.31729258
161.75 0.31316381 0.31315479
162 0.309017 0.309017
162.25 0.3048643 0.30485568
162.5 0.3007058 0.30069435
162.75 0.29654158 0.29653303
163 0.29237171 0.29237171
163.25 0.28819627 0.28818812
163.5 0.28401535 0.28400453
163.75 0.27982902 0.27982095
164 0.27563736 0.27563736
164.25 0.27144045 0.27143278
164.5 0.26723838 0.2672282
164.75 0.26303122 0.26302363
165 0.25881905 0.25881905
165.25 0.25460195 0.25459476
165.5 0.25038001 0.25037047
165.75 0.2461533 0.24614619
166 0.2419219 0.2419219
166.25 0.2376859 0.23767919
166.5 0.23344537 0.23343648
166.75 0.22920039 0.22919377
167 0.22495106 0.22495106
167.25 0.22069744 0.22069122
167.5 0.21643962 0.21643138
167.75 0.21217768 0.21217153
168 0.20791169 0.20791169
168.25 0.20364175 0.20363602
168.5 0.19936794 0.19936035
168.75 0.19509033 0.19508467
169 0.190809 0.190809
169.25 0.18652404 0.18651879
169.5 0.18223553 0.18222859
169.75 0.17794355 0.17793839
170 0.17364818 0.17364818
170.25 0.16934951 0.16934475
170.5 0.16504761 0.16504132
170.75 0.16074257 0.1607379
171 0.15643447 0.15643447
171.25 0.15212339 0.15211913
171.5 0.14780941 0.14780379
171.75 0.14349263 0.14348845
172 0.1391731 0.1391731
172.25 0.13485093 0.13484716
172.5 0.1305262 0.13052123
172.75 0.12619897 0.12619529
173 0.12186935 0.12186935
173.25 0.1175374 0.11753413
173.5 0.11320322 0.11319891
173.75 0.10886688 0.10886369
174 0.10452847 0.10452847
174.25 0.10018807 0.10018529
174.5 0.095845756 0.095842106
174.75 0.091501622 0.091498926
175 0.087155746 0.087155746
175.25 0.082808211 0.082805929
175.5 0.078459099 0.078456112
175.75 0.074108494 0.074106294
176 0.069756477 0.069756477
176.25 0.065403133 0.065401348
176.5 0.061048543 0.061046219
176.75 0.056692791 0.056691089
177 0.05233596 0.05233596
177.25 0.047978132 0.047976845
177.5 0.043619391 0.04361773
177.75 0.039259819 0.039258615
178 0.0348995 0.0348995
178.25 0.030538517 0.030537728
178.5 0.026176952 0.026175955
178.75 0.021814889 0.021814183
179 0.01745241 0.01745241
179.25 0.013089599 0.013089308
179.5 0.0087265391 0.0087262068
179.75 0.0043633129 0.0043631052
180 3.589793e-09 3.589793e-09
180.25 -0.0043633057 -0.004363098
180.5 -0.0087265319 -0.0087261996
180.75 -0.013089592 -0.013089301
181 -0.017452403 -0.017452403
181.25 -0.021814881 -0.021814175
181.5 -0.026176945 -0.026175948
181.75 -0.03053851 -0.030537721
182 -0.034899493 -0.034899493
182.25 -0.039259812 -0.039258608
182.5 -0.043619384 -0.043617723
182.75 -0.047978125 -0.047976838
183 -0.052335953 -0.052335953
183.25 -0.056692784 -0.056691082
183.5 -0.061048536 -0.061046211
183.75 -0.065403126 -0.065401341
184 -0.06975647 -0.06975647
184.25 -0.074108487 -0.074106287
184.5 -0.078459092 -0.078456105
184.75 -0.082808204 -0.082805922
185 -0.087155739 -0.087155739
185.25 -0.091501615 -0.091498919
185.5 -0.095845749 -0.095842099
185.75 -0.10018806 -0.10018528
186 -0.10452846 -0.10452846
186.25 -0.10886687 -0.10886368
186.5 -0.11320321 -0.1131989
186.75 -0.11753739 -0.11753412
187 -0.12186934 -0.12186934
187.25 -0.12619897 -0.12619528
187.5 -0.13052619 -0.13052122
187.75 -0.13485093 -0.13484716
188 -0.1391731 -0.1391731
188.25 -0.14349262 -0.14348844
188.5 -0.14780941 -0.14780378
188.75 -0.15212338 -0.15211912
189 -0.15643446 -0.15643446
189.25 -0.16074256 -0.16073789
189.5 -0.1650476 -0.16504132
189.75 -0.1693495 -0.16934475
190 -0.17364817 -0.17364817
190.25 -0.17794354 -0.17793838
190.5 -0.18223552 -0.18222858
190.75 -0.18652403 -0.18651879
191 -0.19080899 -0.19080899
191.25 -0.19509032 -0.19508467
191.5 -0.19936793 -0.19936034
191.75 -0.20364175 -0.20363601
192 -0.20791169 -0.20791169
192.25 -0.21217767 -0.21217153
192.5 -0.21643961 -0.21643137
192.75 -0.22069743 -0.22069121
193 -0.22495105 -0.22495105
193.25 -0.22920039 -0.22919376
193.5 -0.23344536 -0.23343647
193.75 -0.23768589 -0.23767918
194 -0.24192189 -0.24192189
194.25 -0.24615329 -0.24614618
194.5 -0.25038 -0.25037047
194.75 -0.25460194 -0.25459475
195 -0.25881904 -0.25881904
195.25 -0.26303121 -0.26302362
195.5 -0.26723837 -0.2672282
195.75 -0.27144045 -0.27143277
196 -0.27563735 -0.27563735
196.25 -0.27982901 -0.27982094
196.5 -0.28401534 -0.28400453
196.75 -0.28819626 -0.28818811
197 -0.2923717 -0.2923717
197.25 -0.29654157 -0.29653302
197.5 -0.3007058 -0.30069435
197.75 -0.3048643 -0.30485567
198 -0.30901699 -0.30901699
198.25 -0.3131638 -0.31315478
198.5 -0.31730465 -0.31729257
198.75 -0.32143946 -0.32143036
199 -0.32556815 -0.32556815
199.25 -0.32969064 -0.32968115
199.5 -0.33380686 -0.33379415
199.75 -0.33791671 -0.33790714
200 -0.34202014 -0.34202014
200.25 -0.34611705 -0.34610709
200.5 -0.35020738 -0.35019404
200.75 -0.35429103 -0.35428099
201 -0.35836795 -0.35836795
201.25 -0.36243803 -0.36242761
201.5 -0.36650122 -0.36648727
201.75 -0.37055743 -0.37054693
202 -0.37460659 -0.37460659
202.25 -0.37864861 -0.37863772
202.5 -0.38268343 -0.38266886
202.75 -0.38671096 -0.38669999
203 -0.39073112 -0.39073112
203.25 -0.39474385 -0.3947325
203.5 -0.39874907 -0.39873388
203.75 -0.40274669 -0.40273526
204 -0.40673664 -0.40673664
204.25 -0.41071885 -0.41070704
204.5 -0.41469324 -0.41467745
204.75 -0.41865973 -0.41864785
205 -0.42261826 -0.42261826
205.25 -0.42656874 -0.42655648
205.5 -0.43051109 -0.4304947
205.75 -0.43444525 -0.43443292
206 -0.43837114 -0.43837114
206.25 -0.44228869 -0.44227598
206.5 -0.44619781 -0.44618082
206.75 -0.45009844 -0.45008566
207 -0.4539905 -0.4539905
207.25 -0.45787391 -0.45786076
207.5 -0.46174861 -0.46173103
207.75 -0.46561452 -0.46560129
208 -0.46947156 -0.46947156
208.25 -0.47331966 -0.47330607
208.5 -0.47715876 -0.47714059
208.75 -0.48098877 -0.4809751
209 -0.48480962 -0.48480962
209.25 -0.48862124 -0.48860721
209.5 -0.49242356 -0.49240481
209.75 -0.4962165 -0.4962024
210 -0.5 -0.5
210.25 -0.50377397 -0.50375952
210.5 -0.50753836 -0.50751903
210.75 -0.51129308 -0.51127855
211 -0.51503807 -0.51503807
211.25 -0.51877325 -0.51875837
211.5 -0.52249856 -0.52247867
211.75 -0.52621392 -0.52619896
212 -0.52991926 -0.52991926
212.25 -0.53361451 -0.5335992
212.5 -0.5372996 -0.53727915
212.75 -0.54097447 -0.54095909
213 -0.54463903 -0.54463903
213.25 -0.54829323 -0.5482775
213.5 -0.55193698 -0.55191597
213.75 -0.55557023 -0.55555443
214 -0.5591929 -0.5591929
214.25 -0.56280492 -0.56278878
214.5 -0.56640623 -0.56638467
214.75 -0.56999676 -0.56998055
215 -0.57357643 -0.57357643
215.25 -0.57714519 -0.57712864
215.5 -0.58070295 -0.58068084
215.75 -0.58424966 -0.58423304
216 -0.58778525 -0.58778525
216.25 -0.59130964 -0.59129269
216.5 -0.59482278 -0.59480013
216.75 -0.5983246 -0.59830758
217 -0.60181502 -0.60181502
217.25 -0.60529398 -0.60527663
217.5 -0.60876143 -0.60873825
217.75 -0.61221728 -0.61219986
218 -0.61566147 -0.61566147
218.25 -0.61909395 -0.6190762
218.5 -0.62251463 -0.62249093
218.75 -0.62592347 -0.62590566
219 -0.62932039 -0.62932039
219.25 -0.63270533 -0.63268719
219.5 -0.63607822 -0.636054
219.75 -0.639439 -0.6394208
220 -0.64278761 -0.64278761
220.25 -0.64612398 -0.64610546
220.5 -0.64944804 -0.64942332
220.75 -0.65275975 -0.65274117
221 -0.65605903 -0.65605903
221.25 -0.65934581 -0.65932692
221.5 -0.66262004 -0.66259481
221.75 -0.66588166 -0.66586271
222 -0.6691306 -0.6691306
222.25 -0.6723668 -0.67234754
222.5 -0.6755902 -0.67556448
222.75 -0.67880074 -0.67878142
223 -0.68199836 -0.68199836
223.25 -0.68518299 -0.68516336
223.5 -0.68835457 -0.68832836
223.75 -0.69151305 -0.69149336
224 -0.69465837 -0.69465837
224.25 -0.69779046 -0.69777047
224.5 -0.70090926 -0.70088257
224.75 -0.70401472 -0.70399468
225 -0.70710678 -0.70710678
225.25 -0.71018537 -0.71016503
225.5 -0.71325045 -0.71322329
225.75 -0.71630194 -0.71628154
226 -0.7193398 -0.7193398
226.25 -0.72236396 -0.72234327
226.5 -0.72537437 -0.72534675
226.75 -0.72837097 -0.72835022
227 -0.7313537 -0.7313537
227.25 -0.73432251 -0.73430148
227.5 -0.73727733 -0.73724926
227.75 -0.74021812 -0.74019704
228 -0.74314482 -0.74314482
228.25 -0.74605737 -0.74603601
228.5 -0.74895572 -0.7489272
228.75 -0.7518398 -0.75181839
229 -0.75470958 -0.75470958
229.25 -0.75756498 -0.75754329
229.5 -0.76040596 -0.76037701
229.75 -0.76323247 -0.76321072
230 -0.76604444 -0.76604444
230.25 -0.76884183 -0.76881982
230.5 -0.77162458 -0.7715952
230.75 -0.77439264 -0.77437058
231 -0.77714596 -0.77714596
231.25 -0.77988448 -0.77986216
231.5 -0.78260815 -0.78257835
231.75 -0.78531693 -0.78529455
232 -0.78801075 -0.78801075
232.25 -0.79068957 -0.79066694
232.5 -0.79335334 -0.79332313
232.75 -0.796002 -0.79597932
233 -0.79863551 -0.79863551
233.25 -0.80125381 -0.80123088
233.5 -0.80385686 -0.80382625
233.75 -0.8064446 -0.80642162
234 -0.80901699 -0.80901699
234.25 -0.81157398 -0.81155075
234.5 -0.81411552 -0.81408452
234.75 -0.81664155 -0.81661828
235 -0.81915204 -0.81915204
235.25 -0.82164694 -0.82162342
235.5 -0.82412619 -0.82409481
235.75 -0.82658975 -0.82656619
236 -0.82903757 -0.82903757
236.25 -0.83146961 -0.83144582
236.5 -0.83388582 -0.83385407
236.75 -0.83628615 -0.83626232
237 -0.83867057 -0.83867057
237.25 -0.84103901 -0.84101495
237.5 -0.84339144 -0.84335933
237.75 -0.84572782 -0.84570371
238 -0.84804809 -0.84804809
238.25 -0.85035222 -0.85032789
238.5 -0.85264016 -0.8526077
238.75 -0.85491187 -0.8548875
239 -0.8571673 -0.8571673
239.25 -0.85940641 -0.85938182
239.5 -0.86162916 -0.86159635
239.75 -0.8638355 -0.86381088
240 -0.8660254 -0.8660254
240.25 -0.86819881 -0.86817398
240.5 -0.87035569 -0.87032255
240.75 -0.872496 -0.87247113
241 -0.8746197 -0.8746197
241.25 -0.87672675 -0.87670168
241.5 -0.87881711 -0.87878365
241.75 -0.88089074 -0.88086562
242 -0.88294759 -0.88294759
242.25 -0.88498764 -0.88496232
242.5 -0.88701083 -0.88697706
242.75 -0.88901714 -0.88899179
243 -0.89100652 -0.89100652
243.25 -0.89297894 -0.8929534
243.5 -0.89493436 -0.89490028
243.75 -0.89687274 -0.89684716
244 -0.89879404 -0.89879404
244.25 -0.90069824 -0.90067248
244.5 -0.90258528 -0.90255091
244.75 -0.90445514 -0.90442935
245 -0.90630778 -0.90630778
245.25 -0.90814317 -0.9081172
245.5 -0.90996127 -0.90992662
245.75 -0.91176204 -0.91173604
246 -0.91354546 -0.91354546
246.25 -0.91531148 -0.9152853
246.5 -0.91706007 -0.91702515
246.75 -0.91879121 -0.918765
247 -0.92050485 -0.92050485
247.25 -0.92220097 -0.9221746
247.5 -0.92387953 -0.92384435
247.75 -0.9255405 -0.9255141
248 -0.92718385 -0.92718385
248.25 -0.92880955 -0.928783
248.5 -0.93041757 -0.93038214
248.75 -0.93200787 -0.93198128
249 -0.93358042 -0.93358042
249.25 -0.93513521 -0.93510847
249.5 -0.93667219 -0.93663652
249.75 -0.93819133 -0.93816457
250 -0.93969262 -0.93969262
250.25 -0.94117601 -0.94114911
250.5 -0.94264149 -0.9426056
250.75 -0.94408902 -0.94406209
251 -0.94551857 -0.94551857
251.25 -0.94693013 -0.94690306
251.5 -0.94832365 -0.94828754
251.75 -0.94969912 -0.94967203
252 -0.95105651 -0.95105651
252.25 -0.9523958 -0.95236857
252.5 -0.95371695 -0.95368063
252.75 -0.95501994 -0.95499269
253 -0.95630475 -0.95630475
253.25 -0.95757136 -0.95754399
253.5 -0.95881973 -0.95878322
253.75 -0.96004985 -0.96002246
254 -0.96126169 -0.96126169
254.25 -0.96245524 -0.96242773
254.5 -0.96363045 -0.96359376
254.75 -0.96478732 -0.96475979
255 -0.96592582 -0.96592582
255.25 -0.96704594 -0.9670183
255.5 -0.96814764 -0.96811078
255.75 -0.96923091 -0.96920325
256 -0.97029573 -0.97029573
256.25 -0.97134207 -0.97131431
256.5 -0.97236992 -0.97233289
256.75 -0.97337926 -0.97335148
257 -0.97437006 -0.97437006
257.25 -0.97534232 -0.97531445
257.5 -0.97629601 -0.97625883
257.75 -0.97723111 -0.97720322
258 -0.9781476 -0.9781476
258.25 -0.97904547 -0.9790175
258.5 -0.9799247 -0.97988739
258.75 -0.98078528 -0.98075729
259 -0.98162718 -0.98162718
259.25 -0.9824504 -0.98242232
259.5 -0.98325491 -0.98321747
259.75 -0.9840407 -0.98401261
260 -0.98480775 -0.98480775
260.25 -0.98555606 -0.9855279
260.5 -0.9862856 -0.98624805
260.75 -0.98699637 -0.98696819
261 -0.98768834 -0.98768834
261.25 -0.98836151 -0.98833327
261.5 -0.98901586 -0.9889782
261.75 -0.98965139 -0.98962314
262 -0.99026807 -0.99026807
262.25 -0.9908659 -0.99083759
262.5 -0.99144486 -0.99140711
262.75 -0.99200495 -0.99197663
263 -0.99254615 -0.99254615
263.25 -0.99306846 -0.99304009
263.5 -0.99357186 -0.99353402
263.75 -0.99405634 -0.99402796
264 -0.99452189 -0.99452189
264.25 -0.99496852 -0.9949401
264.5 -0.9953962 -0.9953583
264.75 -0.99580493 -0.9957765
265 -0.9961947 -0.9961947
265.25 -0.9965655 -0.99653704
265.5 -0.99691733 -0.99687937
265.75 -0.99725018 -0.99722171
266 -0.99756405 -0.99756405
266.25 -0.99785892 -0.99783042
266.5 -0.9981348 -0.99809679
266.75 -0.99839167 -0.99836316
267 -0.99862953 -0.99862953
267.25 -0.99884839 -0.99881986
267.5 -0.99904822 -0.99901018
267.75 -0.99922904 -0.9992005
268 -0.99939083 -0.99939083
268.25 -0.99953359 -0.99950504
268.5 -0.99965732 -0.99961926
268.75 -0.99976203 -0.99973348
269 -0.9998477 -0.9998477
269.25 -0.99991433 -0.99988577
269.5 -0.99996192 -0.99992385
269.75 -0.99999048 -0.99996192
270 -1 -1
270.25 -0.99999048 -0.99996192
270.5 -0.99996192 -0.99992385
270.75 -0.99991433 -0.99988577
271 -0.9998477 -0.9998477
271.25 -0.99976203 -0.99973348
271.5 -0.99965733 -0.99961926
271.75 -0.99953359 -0.99950504
272 -0.99939083 -0.99939083
272.25 -0.99922904 -0.9992005
272.5 -0.99904822 -0.99901018
272.75 -0.99884839 -0.99881986
273 -0.99862954 -0.99862954
273.25 -0.99839167 -0.99836316
273.5 -0.9981348 -0.99809679
273.75 -0.99785892 -0.99783042
274 -0.99756405 -0.99756405
274.25 -0.99725019 -0.99722171
274.5 -0.99691733 -0.99687937
274.75 -0.9965655 -0.99653704
275 -0.9961947 -0.9961947
275.25 -0.99580493 -0.9957765
275.5 -0.9953962 -0.9953583
275.75 -0.99496852 -0.9949401
276 -0.9945219 -0.9945219
276.25 -0.99405634 -0.99402796
276.5 -0.99357186 -0.99353402
276.75 -0.99306846 -0.99304009
277 -0.99254615 -0.99254615
277.25 -0.99200495 -0.99197663
277.5 -0.99144486 -0.99140711
277.75 -0.9908659 -0.99083759
278 -0.99026807 -0.99026807
278.25 -0.98965139 -0.98962314
278.5 -0.98901586 -0.98897821
278.75 -0.98836151 -0.98833327
279 -0.98768834 -0.98768834
279.25 -0.98699637 -0.98696819
279.5 -0.9862856 -0.98624805
279.75 -0.98555606 -0.9855279
280 -0.98480775 -0.98480775
280.25 -0.9840407 -0.98401261
280.5 -0.98325491 -0.98321747
280.75 -0.9824504 -0.98242233
281 -0.98162718 -0.98162718
281.25 -0.98078528 -0.98075729
281.5 -0.97992471 -0.97988739
281.75 -0.97904547 -0.9790175
282 -0.9781476 -0.9781476
282.25 -0.97723111 -0.97720322
282.5 -0.97629601 -0.97625883
282.75 -0.97534232 -0.97531445
283 -0.97437007 -0.97437007
283.25 -0.97337926 -0.97335148
283.5 -0.97236992 -0.9723329
283.75 -0.97134207 -0.97131431
284 -0.97029573 -0.97029573
284.25 -0.96923091 -0.96920325
284.5 -0.96814764 -0.96811078
284.75 -0.96704594 -0.9670183
285 -0.96592583 -0.96592583
285.25 -0.96478733 -0.9647598
285.5 -0.96363045 -0.96359376
285.75 -0.96245524 -0.96242773
286 -0.9612617 -0.9612617
286.25 -0.96004986 -0.96002246
286.5 -0.95881974 -0.95878323
286.75 -0.95757136 -0.95754399
287 -0.95630476 -0.95630476
287.25 -0.95501995 -0.9549927
287.5 -0.95371695 -0.95368064
287.75 -0.9523958 -0.95236858
288 -0.95105652 -0.95105652
288.25 -0.94969913 -0.94967203
288.5 -0.94832366 -0.94828755
288.75 -0.94693013 -0.94690306
289 -0.94551858 -0.94551858
289.25 -0.94408902 -0.94406209
289.5 -0.94264149 -0.9426056
289.75 -0.94117602 -0.94114911
290 -0.93969262 -0.93969262
290.25 -0.93819134 -0.93816457
290.5 -0.93667219 -0.93663653
290.75 -0.93513521 -0.93510848
291 -0.93358043 -0.93358043
291.25 -0.93200787 -0.93198129
291.5 -0.93041757 -0.93038214
291.75 -0.92880956 -0.928783
292 -0.92718386 -0.92718386
292.25 -0.92554051 -0.92551411
292.5 -0.92387953 -0.92384436
292.75 -0.92220097 -0.92217461
293 -0.92050486 -0.92050486
293.25 -0.91879121 -0.91876501
293.5 -0.91706008 -0.91702516
293.75 -0.91531148 -0.91528531
294 -0.91354546 -0.91354546
294.25 -0.91176205 -0.91173604
294.5 -0.90996127 -0.90992662
294.75 -0.90814318 -0.90811721
295 -0.90630779 -0.90630779
295.25 -0.90445515 -0.90442935
295.5 -0.90258529 -0.90255092
295.75 -0.90069824 -0.90067248
296 -0.89879405 -0.89879405
296.25 -0.89687274 -0.89684717
296.5 -0.89493436 -0.89490029
296.75 -0.89297895 -0.89295341
297 -0.89100653 -0.89100653
297.25 -0.88901714 -0.88899179
297.5 -0.88701084 -0.88697706
297.75 -0.88498764 -0.88496233
298 -0.8829476 -0.8829476
298.25 -0.88089074 -0.88086562
298.5 -0.87881712 -0.87878365
298.75 -0.87672676 -0.87670168
299 -0.87461971 -0.87461971
299.25 -0.87249601 -0.87247113
299.5 -0.8703557 -0.87032256
299.75 -0.86819882 -0.86817398
300 -0.86602541 -0.86602541
300.25 -0.86383551 -0.86381088
300.5 -0.86162916 -0.86159636
300.75 -0.85940641 -0.85938183
301 -0.8571673 -0.8571673
301.25 -0.85491187 -0.8548875
301.5 -0.85264017 -0.8526077
301.75 -0.85035223 -0.8503279
302 -0.8480481 -0.8480481
302.25 -0.84572782 -0.84570372
302.5 -0.84339145 -0.84335934
302.75 -0.84103902 -0.84101495
303 -0.83867057 -0.83867057
303.25 -0.83628616 -0.83626232
303.5 -0.83388583 -0.83385407
303.75 -0.83146962 -0.83144582
304 -0.82903758 -0.82903758
304.25 -0.82658975 -0.82656619
304.5 -0.82412619 -0.82409481
304.75 -0.82164694 -0.82162343
305 -0.81915205 -0.81915205
305.25 -0.81664156 -0.81661829
305.5 -0.81411552 -0.81408452
305.75 -0.81157399 -0.81155076
306 -0.809017 -0.809017
306.25 -0.80644461 -0.80642163
306.5 -0.80385686 -0.80382626
306.75 -0.80125382 -0.80123088
307 -0.79863551 -0.79863551
307.25 -0.79600201 -0.79597932
307.5 -0.79335334 -0.79332314
307.75 -0.79068958 -0.79066695
308 -0.78801076 -0.78801076
308.25 -0.78531693 -0.78529456
308.5 -0.78260816 -0.78257836
308.75 -0.77988449 -0.77986216
309 -0.77714597 -0.77714597
309.25 -0.77439265 -0.77437059
309.5 -0.77162459 -0.77159521
309.75 -0.76884184 -0.76881983
310 -0.76604445 -0.76604445
310.25 -0.76323247 -0.76321073
310.5 -0.76040597 -0.76037702
310.75 -0.75756499 -0.7575433
311 -0.75470958 -0.75470958
311.25 -0.75183981 -0.7518184
311.5 -0.74895572 -0.74892721
311.75 -0.74605738 -0.74603602
312 -0.74314483 -0.74314483
312.25 -0.74021813 -0.74019705
312.5 -0.73727734 -0.73724927
312.75 -0.73432251 -0.73430149
313 -0.73135371 -0.73135371
313.25 -0.72837097 -0.72835023
313.5 -0.72537438 -0.72534676
313.75 -0.72236397 -0.72234328
314 -0.7193398 -0.7193398
314.25 -0.71630195 -0.71628155
314.5 -0.71325045 -0.7132233
314.75 -0.71018538 -0.71016504
315 -0.70710679 -0.70710679
315.25 -0.70401473 -0.70399468
315.5 -0.70090927 -0.70088258
315.75 -0.69779046 -0.69777048
316 -0.69465837 -0.69465837
316.25 -0.69151306 -0.69149337
316.5 -0.68835458 -0.68832837
316.75 -0.68518299 -0.68516337
317 -0.68199836 -0.68199836
317.25 -0.67880075 -0.67878143
317.5 -0.67559021 -0.67556449
317.75 -0.67236681 -0.67234755
318 -0.66913061 -0.66913061
318.25 -0.66588167 -0.66586272
318.5 -0.66262005 -0.66259482
318.75 -0.65934582 -0.65932693
319 -0.65605903 -0.65605903
319.25 -0.65275976 -0.65274118
319.5 -0.64944805 -0.64942332
319.75 -0.64612398 -0.64610547
320 -0.64278761 -0.64278761
320.25 -0.63943901 -0.63942081
320.5 -0.63607823 -0.63605401
320.75 -0.63270533 -0.6326872
321 -0.6293204 -0.6293204
321.25 -0.62592348 -0.62590567
321.5 -0.62251464 -0.62249094
321.75 -0.61909395 -0.61907621
322 -0.61566148 -0.61566148
322.25 -0.61221729 -0.61219987
322.5 -0.60876143 -0.60873825
322.75 -0.60529399 -0.60527664
323 -0.60181503 -0.60181503
323.25 -0.59832461 -0.59830759
323.5 -0.59482279 -0.59480014
323.75 -0.59130965 -0.5912927
324 -0.58778526 -0.58778526
324.25 -0.58424967 -0.58423305
324.5 -0.58070296 -0.58068085
324.75 -0.5771452 -0.57712865
325 -0.57357644 -0.57357644
325.25 -0.56999677 -0.56998056
325.5 -0.56640624 -0.56638468
325.75 -0.56280493 -0.56278879
326 -0.55919291 -0.55919291
326.25 -0.55557024 -0.55555444
326.5 -0.55193699 -0.55191597
326.75 -0.54829323 -0.54827751
327 -0.54463904 -0.54463904
327.25 -0.54097448 -0.5409591
327.5 -0.53729961 -0.53727916
327.75 -0.53361452 -0.53359921
328 -0.52991927 -0.52991927
328.25 -0.52621393 -0.52619897
328.5 -0.52249857 -0.52247868
328.75 -0.51877326 -0.51875838
329 -0.51503808 -0.51503808
329.25 -0.51129309 -0.51127856
329.5 -0.50753837 -0.50751904
329.75 -0.50377398 -0.50375952
330 -0.50000001 -0.50000001
330.25 -0.49621651 -0.49620241
330.5 -0.49242357 -0.49240482
330.75 -0.48862125 -0.48860722
331 -0.48480963 -0.48480963
331.25 -0.48098877 -0.48097511
331.5 -0.47715877 -0.4771406
331.75 -0.47331967 -0.47330608
332 -0.46947157 -0.46947157
332.25 -0.46561453 -0.4656013
332.5 -0.46174862 -0.46173104
332.75 -0.45787392 -0.45786077
333 -0.45399051 -0.45399051
333.25 -0.45009845 -0.45008567
333.5 -0.44619782 -0.44618083
333.75 -0.4422887 -0.44227599
334 -0.43837115 -0.43837115
334.25 -0.43444526 -0.43443293
334.5 -0.4305111 -0.43049471
334.75 -0.42656875 -0.42655649
335 -0.42261827 -0.42261827
335.25 -0.41865974 -0.41864786
335.5 -0.41469325 -0.41467746
335.75 -0.41071886 -0.41070705
336 -0.40673665 -0.40673665
336.25 -0.4027467 -0.40273527
336.5 -0.39874908 -0.39873389
336.75 -0.39474386 -0.39473251
337 -0.39073113 -0.39073113
337.25 -0.38671097 -0.3867
337.5 -0.38268344 -0.38266887
337.75 -0.37864862 -0.37863773
338 -0.3746066 -0.3746066
338.25 -0.37055744 -0.37054694
338.5 -0.36650123 -0.36648728
338.75 -0.36243804 -0.36242762
339 -0.35836796 -0.35836796
339.25 -0.35429104 -0.354281
339.5 -0.35020739 -0.35019405
339.75 -0.34611706 -0.3461071
340 -0.34202015 -0.34202015
340.25 -0.33791672 -0.33790715
340.5 -0.33380687 -0.33379416
340.75 -0.32969065 -0.32968116
341 -0.32556816 -0.32556816
341.25 -0.32143947 -0.32143037
341.5 -0.31730466 -0.31729258
341.75 -0.31316381 -0.31315479
342 -0.309017 -0.309017
342.25 -0.30486431 -0.30485568
342.5 -0.30070581 -0.30069436
342.75 -0.29654158 -0.29653303
343 -0.29237171 -0.29237171
343.25 -0.28819627 -0.28818812
343.5 -0.28401535 -0.28400454
343.75 -0.27982902 -0.27982095
344 -0.27563736 -0.27563736
344.25 -0.27144046 -0.27143278
344.5 -0.26723838 -0.26722821
344.75 -0.26303122 -0.26302363
345 -0.25881905 -0.25881905
345.25 -0.25460195 -0.25459476
345.5 -0.25038001 -0.25037048
345.75 -0.2461533 -0.24614619
346 -0.2419219 -0.2419219
346.25 -0.2376859 -0.23767919
346.5 -0.23344537 -0.23343648
346.75 -0.2292004 -0.22919377
347 -0.22495106 -0.22495106
347.25 -0.22069744 -0.22069122
347.5 -0.21643962 -0.21643138
347.75 -0.21217768 -0.21217154
348 -0.2079117 -0.2079117
348.25 -0.20364176 -0.20363602
348.5 -0.19936794 -0.19936035
348.75 -0.19509033 -0.19508468
349 -0.190809 -0.190809
349.25 -0.18652404 -0.1865188
349.5 -0.18223553 -0.18222859
349.75 -0.17794355 -0.17793839
350 -0.17364818 -0.17364818
350.25 -0.16934951 -0.16934476
350.5 -0.16504761 -0.16504133
350.75 -0.16074257 -0.1607379
351 -0.15643447 -0.15643447
351.25 -0.15212339 -0.15211913
351.5 -0.14780942 -0.14780379
351.75 -0.14349263 -0.14348845
352 -0.13917311 -0.13917311
352.25 -0.13485094 -0.13484717
352.5 -0.1305262 -0.13052123
352.75 -0.12619898 -0.12619529
353 -0.12186935 -0.12186935
353.25 -0.1175374 -0.11753413
353.5 -0.11320322 -0.11319891
353.75 -0.10886688 -0.10886369
354 -0.10452847 -0.10452847
354.25 -0.10018807 -0.10018529
354.5 -0.09584576 -0.09584211
354.75 -0.091501626 -0.09149893
355 -0.08715575 -0.08715575
355.25 -0.082808215 -0.082805933
355.5 -0.078459103 -0.078456115
355.75 -0.074108497 -0.074106298
356 -0.069756481 -0.069756481
356.25 -0.065403136 -0.065401351
356.5 -0.061048547 -0.061046222
356.75 -0.056692795 -0.056691093
357 -0.052335963 -0.052335963
357.25 -0.047978136 -0.047976848
357.5 -0.043619394 -0.043617734
357.75 -0.039259823 -0.039258619
358 -0.034899504 -0.034899504
358.25 -0.03053852 -0.030537731
358.5 -0.026176955 -0.026175959
358.75 -0.021814892 -0.021814186
359 -0.017452414 -0.017452414
359.25 -0.013089603 -0.01308931
359.5 -0.0087265427 -0.0087262068
359.75 -0.0043633165 -0.0043631034
finish
